20141227	34.044	-106.953	5.00	0.88
20141220	34.241	-106.834	5.00	0.04
20141218	33.874	-107.107	5.00	1.14
20141209	34.300	-106.584	5.00	1.13
20141207	33.993	-106.920	5.00	-0.16
20141124	34.047	-106.992	5.00	0.42
20141124	34.082	-106.904	5.00	-0.79
20141120	34.257	-106.819	5.00	2
20141119	34.169	-107.049	5.00	1.18
20141117	33.894	-103.968	5.00	1.2
20141116	34.425	-103.509	5.00	1.73
20141114	34.274	-106.811	5.00	1.77
20141112	34.160	-106.821	5.00	1.79
20141112	34.176	-106.825	5.00	1.84
20141111	33.876	-106.960	5.00	0.3
20141110	34.529	-107.297	5.00	-0.1
20141107	34.251	-106.828	5.00	0.62
20141107	34.215	-106.968	9.90	1.51
20141107	34.109	-107.041	5.00	-0.01
20141101	34.338	-106.853	5.00	1.59
20141030	34.089	-106.904	5.00	0.22
20141029	34.094	-106.508	5.00	1.67
20141028	34.037	-106.936	5.00	1.08
20141025	34.032	-106.906	5.00	0.11
20141024	34.022	-106.799	5.00	0.43
20141023	33.962	-106.951	10.20	-0.22
20141023	33.931	-107.059	5.00	-0.13
20141022	34.177	-107.012	5.00	1.03
20141021	34.034	-106.834	5.00	0.34
20141020	34.347	-106.847	5.00	1.21
20141016	34.321	-106.857	5.00	0.84
20141016	35.215	-107.626	18.06	0.15
20141014	34.219	-106.842	5.00	0.46
20141013	34.060	-107.022	5.00	-0.17
20141011	34.194	-106.835	5.00	-0.14
20141010	33.938	-107.614	5.00	-0.33
20141008	34.262	-106.817	5.00	1.44
20141008	34.935	-105.899	5.00	0.97
20141008	33.986	-106.887	5.00	0.38
20141007	34.190	-106.861	5.00	0.54
20141006	34.221	-106.935	5.00	-0.22
20141004	34.061	-106.566	5.00	0.13
20141004	33.998	-106.510	5.00	0.05
20141003	33.999	-106.344	5.00	0.45
20141001	34.193	-106.823	5.00	1.79
20140927	33.992	-106.841	5.00	-0.17
20140927	34.165	-106.811	5.00	0.3
20140927	34.264	-107.031	5.00	0.16
20140927	33.987	-106.886	5.00	-0.07
20140926	34.282	-106.834	5.00	0.65
20140926	33.980	-106.869	5.00	0.5
20140924	34.038	-106.908	5.00	-0.22
20140923	34.266	-106.830	5.00	0.97
20140921	34.014	-106.375	5.00	0.17
20140920	34.447	-106.875	5.00	0.55
20140919	34.256	-106.838	5.00	0.58
20140917	33.987	-106.282	5.00	0.68
20140917	34.127	-106.591	5.00	1.03
20140917	34.305	-106.976	5.00	-0.52
20140917	34.120	-107.073	13.78	-0.07
20140916	34.267	-106.833	5.00	0.64
20140915	34.053	-106.924	5.00	1.28
20140915	34.221	-106.814	5.00	0.43
20140915	33.587	-106.482	5.00	0.11
20140913	34.229	-106.803	5.00	0.82
20140912	33.898	-106.314	5.00	0.83
20140912	34.251	-106.825	5.00	0.32
20140909	34.121	-107.070	8.75	-0.59
20140905	34.277	-106.834	5.00	1.43
20140905	33.918	-106.873	5.00	0.14
20140904	35.905	-106.678	5.00	1.66
20140904	33.813	-106.830	5.00	0.13
20140904	34.009	-107.026	5.00	-0.22
20140904	33.941	-106.928	5.00	-0.21
20140903	34.208	-106.831	5.00	0.55
20140902	33.602	-106.232	5.00	-0.45
20140902	34.054	-106.984	5.00	0.46
20140902	34.947	-106.932	5.00	1.61
20140902	33.545	-105.444	5.00	0.83
20140902	33.742	-106.593	5.00	0.23
20140901	34.103	-107.024	5.00	-0.27
20140829	34.423	-106.569	5.00	0.3
20140829	34.049	-106.924	5.00	1.05
20140829	33.477	-106.251	5.00	0.96
20140828	34.306	-106.852	5.00	1.4
20140827	34.496	-106.916	5.00	0.31
20140827	34.045	-105.752	5.00	0.82
20140826	33.677	-106.418	5.00	1.19
20140824	34.260	-105.775	5.00	0.82
20140824	34.005	-106.769	5.00	0.51
20140824	34.148	-106.380	5.00	0.16
20140824	33.923	-106.888	5.00	-0.09
20140824	35.334	-106.593	5.00	1.19
20140823	34.260	-106.814	5.00	1.59
20140822	34.316	-107.022	5.00	0.03
20140822	34.026	-107.037	5.00	0.56
20140820	34.046	-107.187	5.00	0.9
20140818	34.583	-106.743	5.00	1.02
20140816	34.027	-106.343	5.00	0.66
20140815	34.301	-106.811	5.00	2.07
20140815	34.225	-106.850	5.00	1.81
20140815	33.904	-106.915	5.00	-0.03
20140814	34.009	-106.772	5.00	0.59
20140812	34.048	-106.765	5.00	0.69
20140811	34.011	-106.982	5.00	-0.24
20140810	35.363	-106.280	5.00	1.03
20140810	34.034	-106.953	5.00	-0.14
20140809	34.041	-106.934	5.00	0.16
20140809	34.304	-106.839	5.00	1.4
20140809	33.802	-106.868	5.00	-0.51
20140809	34.502	-103.659	5.00	1.74
20140809	34.294	-106.992	5.00	-0.22
20140808	34.038	-106.948	5.00	-0.22
20140808	34.304	-106.996	5.00	-0.33
20140807	34.360	-106.843	5.00	1.74
20140807	33.318	-106.512	5.00	1.16
20140806	34.438	-106.744	5.00	0.41
20140805	34.307	-107.229	5.00	-0.33
20140805	34.045	-106.934	5.00	0.49
20140805	34.171	-107.231	5.00	-0.62
20140805	34.177	-107.241	5.00	-0.44
20140805	33.666	-106.638	5.00	0.06
20140805	34.045	-106.931	5.00	-0.05
20140805	34.225	-106.981	13.60	-0.47
20140805	34.058	-106.927	5.00	-0.1
20140805	34.043	-106.934	5.00	0.43
20140803	33.832	-106.766	5.00	0.15
20140803	34.459	-106.429	5.00	0.71
20140801	33.871	-106.631	5.00	0.53
20140801	34.328	-107.018	5.00	-0.01
20140730	35.890	-106.750	5.00	1.95
20140729	34.101	-106.249	5.00	0.79
20140728	34.305	-107.017	5.00	0.15
20140727	34.030	-107.033	5.00	0.38
20140727	34.030	-107.043	5.00	1.02
20140727	33.927	-106.325	5.00	0.79
20140727	34.038	-107.063	5.00	0.04
20140726	34.058	-106.740	5.00	0.88
20140726	34.107	-106.415	5.00	0.11
20140725	34.069	-106.913	5.00	0.81
20140725	34.636	-106.890	5.00	0.54
20140725	34.451	-106.686	5.00	0.53
20140725	34.215	-105.700	5.00	-0.23
20140724	35.909	-106.684	5.00	1.56
20140724	34.418	-106.726	5.00	1.26
20140722	34.015	-106.868	5.00	0.02
20140722	34.067	-106.807	5.00	0.02
20140721	35.125	-106.783	5.00	1.4
20140719	34.048	-106.716	5.00	0.18
20140718	34.047	-106.926	5.00	2.05
20140717	35.901	-106.742	5.00	1.83
20140717	34.397	-105.786	5.00	0.89
20140714	34.839	-107.426	5.00	0.86
20140712	34.848	-107.404	5.00	1.04
20140711	34.464	-106.671	5.00	0.48
20140708	34.211	-106.819	5.00	1.26
20140628	33.640	-107.824	5.00	-0.17
20140628	34.045	-106.960	5.00	0.21
20140625	34.348	-106.706	5.00	1.28
20140625	33.844	-105.418	5.00	1.28
20140625	34.056	-106.417	5.00	0.97
20140622	34.214	-106.235	5.00	0.47
20140619	34.167	-106.219	5.00	1.18
20140618	34.151	-106.680	5.00	0.95
20140618	33.936	-106.472	5.00	0.29
20140617	35.150	-106.853	5.00	2.05
20140617	34.347	-106.334	5.00	0.87
20140617	34.351	-107.057	5.00	0.98
20140613	34.573	-106.848	5.00	2.19
20140611	33.378	-106.598	5.00	1.08
20140610	33.958	-106.813	5.00	0.77
20140608	33.996	-106.840	5.00	0.43
20140605	34.050	-106.927	5.00	1.29
20140602	34.052	-106.922	5.00	1.23
20140601	34.188	-106.371	5.00	0.37
20140531	34.736	-107.087	5.00	0.65
20140530	33.375	-105.664	5.00	1.92
20140528	34.071	-106.966	5.00	1.01
20140526	34.143	-106.965	5.00	0.18
20140526	33.991	-106.788	5.00	0.37
20140525	34.315	-106.956	11.41	0.98
20140519	34.416	-106.862	5.00	0.39
20140518	34.091	-106.950	5.00	-0.02
20140516	34.050	-107.176	5.00	1.42
20140516	33.877	-106.928	5.00	1.94
20140510	33.769	-106.942	5.00	-0.38
20140113	34.380	-107.356	15.34	1.24
20140112	35.057	-107.480	5.00	1.51
20140109	34.755	-107.215	5.00	1.56
20140109	35.265	-107.672	5.00	1.3
20140108	34.283	-106.867	5.00	-0.07
20140107	34.002	-106.805	5.00	-0.03
20140105	34.257	-106.737	5.00	-0.4
20140104	34.328	-106.717	5.00	0.32
20140104	34.424	-106.689	17.46	0.41
20140104	35.062	-107.495	5.00	1.03
20140104	35.212	-107.572	5.00	1.59
20140103	34.287	-106.931	5.00	-0.01
20140101	34.486	-107.103	5.00	0.25
20131231	34.484	-107.004	5.00	0.88
20131228	33.796	-107.068	5.00	1.43
20131227	34.873	-107.321	5.00	1.37
20131227	33.937	-106.842	5.00	0.03
20131226	34.467	-106.772	5.00	0.18
20131225	34.120	-106.898	5.00	-0.29
20131225	34.133	-106.889	5.00	-0.07
20131225	34.095	-106.829	5.00	-0.62
20131225	34.070	-106.893	5.00	-0.82
20131224	34.438	-107.116	0.93	0.27
20131223	34.294	-106.815	5.00	0.04
20131222	35.011	-107.458	5.00	1
20131222	34.304	-107.022	5.00	-0.01
20131222	33.949	-106.926	5.00	0.13
20131221	33.977	-106.977	5.00	-0.08
20131221	34.311	-107.016	5.00	0.62
20131221	34.319	-107.011	5.00	0.19
20131221	34.300	-107.025	5.00	0.92
20131221	34.306	-107.019	5.00	-0.09
20131220	34.311	-107.023	5.00	0.15
20131220	34.305	-107.022	5.00	0.4
20131220	34.304	-107.025	5.00	0.35
20131220	34.932	-107.397	5.00	1.08
20131220	34.304	-107.024	5.00	-0.03
20131220	34.324	-107.007	5.00	0.5
20131220	34.303	-107.023	5.00	0.25
20131219	35.087	-107.507	5.00	1.58
20131218	34.969	-107.423	5.00	1.22
20131218	34.804	-107.140	5.00	0.8
20131217	34.779	-107.225	5.00	0.88
20131216	33.922	-106.826	5.00	-0.43
20131214	34.629	-107.412	5.00	0.72
20131213	33.519	-106.385	5.00	1.1
20131212	34.825	-107.269	5.00	1.16
20131210	34.442	-107.109	5.00	0.65
20131206	35.023	-107.486	5.00	1.46
20131203	34.271	-106.585	5.61	0.74
20131203	34.320	-106.521	9.15	0.86
20131202	34.141	-106.884	5.00	0.53
20131201	34.015	-106.785	5.00	0.15
20131128	34.056	-106.963	7.20	-0.01
20131127	35.029	-107.141	15.90	1.13
20131126	33.968	-106.898	5.00	0.72
20131121	34.703	-107.792	5.00	0.93
20131121	35.013	-107.502	5.00	1.54
20131117	34.428	-107.116	0.89	0.15
20131116	34.093	-106.912	5.00	-0.78
20131115	34.245	-106.763	5.00	0.69
20131115	34.240	-106.763	5.00	0.02
20131115	34.083	-106.810	5.00	1.09
20131115	34.247	-106.763	5.00	0.8
20131114	34.124	-106.609	5.00	0.54
20131114	34.146	-106.941	5.00	-0.67
20131114	34.107	-106.921	5.00	-0.42
20131114	34.363	-107.274	5.00	-0.55
20131111	34.190	-106.968	5.00	1.27
20131109	34.121	-106.925	5.00	0.11
20131108	33.988	-106.790	5.00	0.83
20131108	34.382	-107.129	5.00	-0.06
20131107	34.785	-107.816	5.00	1.23
20131106	34.112	-107.026	7.39	-0.23
20131105	34.919	-107.409	5.00	1.45
20131103	34.055	-107.005	3.52	-0.07
20131102	34.052	-107.000	5.00	0.24
20131102	34.267	-106.702	5.00	0.26
20131101	34.293	-106.731	3.92	0.58
20131101	33.994	-106.968	2.99	0.62
20131031	34.410	-105.926	5.00	1.14
20131030	35.320	-107.722	5.00	1.63
20131029	34.825	-107.337	5.00	1.18
20131028	34.063	-106.991	5.00	1.18
20131027	34.232	-106.936	5.00	0.02
20131026	35.221	-107.632	5.00	1.51
20131024	34.018	-107.046	8.66	0.25
20131023	34.069	-106.994	5.00	1.33
20131023	34.030	-106.848	3.07	0.76
20131023	34.035	-106.838	5.00	0.42
20131022	35.156	-107.587	5.00	1.33
20131022	34.047	-106.830	5.00	-0.53
20131022	34.041	-106.836	5.00	0.86
20131022	34.050	-106.827	5.00	-0.05
20131022	34.047	-106.832	5.00	0.2
20131022	34.049	-106.830	5.00	0.88
20131021	34.044	-106.832	5.00	0.16
20131021	34.037	-106.837	5.00	0.59
20131021	34.043	-106.802	5.00	0.06
20131020	34.023	-106.946	11.33	-0.27
20131019	33.940	-106.976	5.00	0.56
20131018	34.298	-106.714	5.00	-0.05
20131015	34.178	-106.567	5.00	1.21
20131014	33.897	-106.963	5.00	0.51
20131013	35.061	-107.532	5.00	1.21
20131012	33.939	-106.974	5.00	0.33
20131012	33.975	-106.944	3.52	0.84
20131012	34.057	-107.004	4.50	-0.13
20131011	33.706	-106.491	5.00	0.94
20131011	34.180	-106.866	5.00	0.34
20131011	33.964	-106.877	5.00	-0.36
20131011	33.977	-106.940	4.98	1.04
20131009	35.018	-107.494	5.00	1.09
20131006	34.981	-107.443	5.00	1.16
20131005	33.975	-106.962	5.51	0.54
20131004	34.091	-106.861	4.99	0.6
20131003	33.973	-106.968	5.00	0.46
20131003	33.974	-106.962	4.65	0.9
20131003	34.038	-107.019	5.00	0.56
20131002	35.243	-107.613	5.00	1.86
20131002	35.283	-107.656	5.00	1.2
20131002	34.290	-106.915	5.00	0.7
20131002	33.977	-106.963	6.16	0.72
20131001	33.974	-106.964	5.00	0.12
20131001	34.289	-106.915	4.96	1.04
20131001	34.251	-106.809	5.00	0.03
20131001	34.290	-106.916	2.92	1.33
20130930	34.282	-106.882	5.00	0.26
20130926	34.297	-106.909	5.00	0.5
20130926	34.394	-106.871	5.00	0.05
20130926	34.345	-106.718	5.00	1.23
20130925	34.376	-106.661	5.00	0.14
20130924	34.572	-106.924	5.00	0.5
20130924	33.862	-106.639	5.00	0.7
20130924	33.881	-106.681	5.71	0.66
20130924	33.870	-106.680	3.41	0.46
20130924	34.002	-106.906	5.00	0.14
20130923	34.190	-106.866	5.00	0.11
20130922	34.721	-108.041	5.00	-0.71
20130922	34.541	-107.684	5.00	-0.63
20130920	34.066	-106.964	5.00	0.36
20130920	34.028	-106.991	5.00	0.65
20130918	34.151	-107.987	5.00	1
20130915	34.230	-107.179	5.00	2.03
20130914	34.213	-107.237	5.00	2.59
20130912	34.038	-106.989	5.00	0.73
20130910	34.175	-106.865	5.00	0.28
20130909	34.312	-106.690	5.00	-0.27
20130909	34.315	-106.687	5.00	0.66
20130907	34.192	-106.867	5.00	0.19
20130907	34.581	-107.551	5.00	0.41
20130906	34.511	-105.934	5.00	1.05
20130906	34.032	-107.063	9.21	0.38
20130905	36.161	-107.781	5.00	0.49
20130905	34.105	-106.987	5.85	-0.03
20130905	34.267	-107.109	5.00	2.44
20130904	34.046	-106.979	5.00	1.85
20130904	34.003	-106.986	8.96	0.66
20130904	34.244	-106.886	5.92	0.9
20130904	34.215	-107.288	5.00	1.58
20130904	34.229	-107.176	5.00	1.44
20130904	34.250	-107.079	5.00	2.42
20130904	34.035	-106.998	5.00	2.34
20130904	34.287	-107.084	5.00	2.57
20130902	34.450	-106.722	5.00	0.58
20130902	34.348	-107.166	5.00	2.4
20130901	34.102	-106.895	5.00	1.63
20130901	33.970	-106.852	5.00	2.25
20130831	33.988	-106.910	5.00	2.45
20130831	34.242	-107.199	5.00	1.81
20130830	33.457	-105.757	5.00	1.42
20130829	34.258	-107.076	5.00	1.89
20130827	34.304	-107.137	5.00	2.3
20130826	34.384	-107.061	5.00	0.27
20130826	34.441	-107.067	5.00	0.58
20130826	34.191	-107.520	5.00	1.19
20130825	34.363	-106.726	5.00	0.4
20130825	34.448	-107.069	5.00	0.31
20130825	33.543	-106.274	5.00	0.87
20130824	34.021	-106.919	5.00	0.42
20130823	33.047	-105.699	5.00	2.19
20130823	33.926	-106.605	5.00	0.4
20130822	33.897	-107.703	5.00	0.51
20130822	33.895	-107.322	5.00	0.47
20130822	33.813	-107.910	5.00	0.59
20130822	33.918	-107.408	7.77	0.64
20130822	34.052	-106.758	5.00	1.15
20130822	34.056	-106.981	5.00	-1.34
20130821	34.007	-106.998	10.88	0.04
20130819	34.126	-106.814	5.00	1.82
20130816	33.864	-106.874	5.00	2.33
20130813	34.220	-106.773	5.00	2.74
20130813	34.356	-106.728	5.00	0.36
20130813	34.046	-106.924	9.57	0.32
20130813	33.929	-106.617	3.17	1.16
20130812	34.184	-106.537	7.23	0.66
20130812	33.904	-106.595	1.47	0.38
20130810	33.926	-106.619	2.75	0.83
20130810	34.280	-106.917	5.00	0.31
20130809	34.061	-106.995	5.00	0.86
20130808	33.934	-106.613	5.00	0.89
20130808	33.928	-106.621	5.00	0.27
20130808	33.926	-106.623	4.14	0.91
20130808	34.133	-107.073	5.00	0.26
20130808	34.106	-107.041	2.84	0.27
20130808	34.096	-106.996	5.00	0
20130806	34.057	-106.991	5.00	1.23
20130806	34.040	-106.798	5.00	2.59
20130804	34.110	-106.921	5.00	1.29
20130804	34.326	-107.077	5.00	2.42
20130803	34.184	-106.865	5.00	0.48
20130803	33.932	-106.635	3.15	0.77
20130730	34.138	-106.640	5.00	0.44
20130730	33.915	-106.624	7.35	0.75
20130730	33.929	-106.605	5.00	0.99
20130729	33.933	-106.623	5.00	0.36
20130729	34.272	-106.925	5.00	0.64
20130727	33.937	-106.608	5.00	0.48
20130726	34.175	-106.864	5.00	1.11
20130726	34.175	-106.867	5.00	0.97
20130726	34.182	-106.868	5.00	0.37
20130725	33.924	-106.613	5.00	0.54
20130725	33.927	-106.620	3.86	0.76
20130724	34.946	-107.401	5.00	1.22
20130724	33.927	-106.616	5.00	0.19
20130724	34.124	-106.864	8.29	0.31
20130723	33.923	-106.623	4.54	1.59
20130722	33.937	-106.623	1.60	2.12
20130722	33.879	-106.568	5.00	1.61
20130722	33.935	-106.621	2.26	1.54
20130721	33.927	-106.619	1.43	1.75
20130721	33.909	-106.603	2.65	0.65
20130720	34.641	-108.508	5.00	0.53
20130719	33.904	-106.598	3.16	1.19
20130719	34.042	-107.026	5.00	0.05
20130719	33.935	-106.615	5.00	0.35
20130718	34.073	-106.988	5.00	0.73
20130718	33.916	-106.616	6.77	0.75
20130717	34.009	-106.683	5.50	0.48
20130715	33.932	-106.634	5.44	0.08
20130715	33.910	-106.611	6.42	0.85
20130715	33.894	-106.609	9.65	0.44
20130715	33.935	-106.616	5.00	0.39
20130714	33.924	-106.610	2.90	0.73
20130714	33.928	-106.618	2.55	0.56
20130714	33.930	-106.628	4.69	0.66
20130713	33.925	-106.612	5.00	0.86
20130713	33.929	-106.616	3.69	2.17
20130713	34.030	-106.775	5.00	0.76
20130713	33.916	-106.601	1.99	0.59
20130712	33.924	-106.612	3.22	1.01
20130710	33.926	-106.612	4.38	1.02
20130710	34.007	-106.965	11.06	0.38
20130710	34.050	-106.707	5.00	1.02
20130710	34.070	-106.900	5.00	0.82
20130709	33.923	-106.611	7.86	0.83
20130709	33.931	-106.620	4.75	0.62
20130708	33.998	-106.962	9.22	0.5
20130708	34.005	-106.961	10.24	0.8
20130706	33.909	-106.604	2.42	1.24
20130706	33.918	-106.616	5.00	0.87
20130706	34.257	-106.927	2.70	0.53
20130706	34.249	-106.930	4.59	1.15
20130705	34.252	-106.933	6.18	0.62
20130705	33.919	-106.613	2.83	0.84
20130703	33.616	-106.440	5.00	1.53
20130703	34.249	-106.931	6.36	0.53
20130702	33.919	-106.611	5.00	0.5
20130702	34.257	-106.928	5.00	1.43
20130630	33.931	-106.623	1.75	0.46
20130629	34.065	-106.917	8.33	0.34
20130628	33.991	-106.841	5.00	0.77
20130626	34.065	-106.995	5.00	0.92
20130626	34.115	-106.882	6.66	0.63
20130622	35.665	-107.925	5.00	1.48
20130622	34.061	-106.978	6.60	0.22
20130619	34.898	-105.889	5.00	0.96
20130618	35.118	-107.751	5.00	1.03
20130617	34.077	-107.016	5.00	0.09
20130616	35.122	-107.749	5.00	0.47
20130614	35.454	-107.554	5.00	0.92
20130614	35.113	-107.729	5.00	1.9
20130612	35.281	-107.609	5.00	1.13
20130603	34.109	-106.995	7.08	-0.22
20130603	34.564	-105.774	5.00	1.01
20130602	34.100	-106.981	8.02	0.03
20130602	34.113	-106.933	5.00	-0.68
20130602	34.100	-106.996	7.91	-0.13
20130602	34.100	-106.994	7.12	-0.53
20130531	34.108	-106.991	8.43	-0.24
20130530	35.666	-107.983	5.00	1.56
20130530	34.096	-106.995	12.64	1.22
20130529	34.037	-106.939	1.72	1.7
20130529	34.615	-107.131	5.00	1.25
20130529	34.101	-106.992	7.58	0.49
20130528	34.103	-106.988	7.98	0.45
20130528	34.102	-106.982	8.55	-0.34
20130527	34.103	-106.984	7.87	0.3
20130527	34.048	-106.945	5.55	0.28
20130526	34.110	-106.991	7.43	0.54
20130526	34.105	-106.987	8.19	0.34
20130526	34.106	-106.993	8.04	0.29
20130526	34.487	-107.120	4.51	0.54
20130525	34.111	-107.049	4.50	0.41
20130523	34.031	-107.042	11.90	0.71
20130523	35.611	-107.863	5.00	0.83
20130521	34.011	-107.031	5.22	0.3
20130521	34.016	-107.039	8.60	-0.23
20130521	34.462	-107.076	3.73	1.05
20130520	34.028	-107.134	11.46	-0.01
20130520	34.024	-107.037	9.05	0.75
20130520	34.102	-106.956	6.04	-0.65
20130520	34.430	-107.091	5.00	0.41
20130519	34.106	-106.992	6.10	0.85
20130518	34.485	-107.188	11.08	0.28
20130518	34.029	-107.050	9.18	-0.74
20130517	34.016	-106.697	6.62	-0.15
20130514	33.642	-108.322	5.00	0.71
20130513	34.020	-106.703	3.79	0.23
20130512	34.112	-106.975	8.51	0.17
20130512	34.468	-107.089	5.00	0.67
20130510	35.454	-106.831	5.00	0.81
20130506	34.015	-106.694	8.31	0.23
20130506	34.021	-106.701	8.85	0.74
20130501	34.060	-107.011	5.00	1.3
20130428	33.989	-106.992	12.85	0.03
20130425	34.315	-106.814	5.00	0.27
20130425	34.002	-106.677	5.00	0.78
20130424	34.010	-106.677	5.00	0.24
20130424	34.005	-106.681	5.00	0
20130420	33.721	-106.619	5.00	0.83
20130417	34.177	-106.864	5.00	0.98
20130415	34.146	-106.935	3.60	0.16
20130414	34.165	-106.868	5.00	0.23
20130412	34.166	-106.866	3.62	1.38
20130411	33.975	-106.640	5.00	0.07
20130411	34.013	-106.701	5.00	0.1
20130410	35.202	-106.230	5.00	1.12
20130408	34.107	-107.051	5.00	-0.58
20130406	34.108	-107.059	8.71	0.02
20130405	35.741	-107.866	5.00	1.55
20130405	33.889	-107.053	5.00	-0.1
20130403	35.643	-107.821	5.00	1.22
20130402	35.654	-107.873	5.00	0.65
20130331	33.987	-106.984	5.00	0.07
20130330	34.011	-106.681	14.92	0.46
20130329	34.017	-106.686	12.03	0.46
20130328	34.114	-107.064	1.06	0.17
20130328	34.126	-107.064	12.64	0.51
20130328	34.096	-107.061	5.00	0.7
20130328	34.101	-107.047	7.04	1.44
20130328	33.986	-106.970	9.06	-0.5
20130328	34.154	-106.864	5.00	0.08
20130328	35.024	-107.447	5.00	0.94
20130328	33.992	-106.966	10.78	-0.41
20130323	34.128	-107.038	14.03	-0.27
20130319	33.788	-106.817	5.00	0.2
20130318	34.130	-107.276	5.00	0.21
20130228	34.109	-107.059	5.00	4.44
20100102	34.179	-106.734	5.07	0
20100102	34.221	-106.809	5.00	0.63
20100107	35.053	-106.191	5.00	1.59
20100110	32.537	-104.679	5.00	2.39
20100115	34.075	-106.533	5.00	0.39
20100117	32.518	-104.727	5.00	2.04
20100118	37.065	-104.724	5.00	3.42
20100122	34.143	-106.822	5.00	0.69
20100122	36.610	-108.155	5.00	2.21
20100126	34.484	-107.131	5.00	0.67
20100128	34.167	-106.858	4.02	0.36
20100129	34.179	-106.865	4.51	0.22
20100129	34.019	-106.805	5.00	0.7
20100131	34.363	-106.727	6.13	0.23
20100201	34.152	-106.858	5.43	0.73
20100204	35.712	-102.241	5.00	2.92
20100206	34.265	-106.867	5.02	0.71
20100208	32.956	-109.649	5.00	2.37
20100210	34.165	-106.859	3.56	0.36
20100211	34.487	-107.103	5.00	0.63
20100216	33.268	-109.489	5.00	2.11
20100219	35.255	-104.255	5.00	2.32
20100220	34.054	-106.619	5.00	0.73
20100220	34.052	-106.614	5.00	0.57
20100221	34.056	-106.626	5.00	0.72
20100221	34.056	-106.631	5.00	0.88
20100221	33.988	-106.830	5.00	0.79
20100221	33.987	-106.829	5.00	1.18
20100221	33.989	-106.831	5.00	0.81
20100221	33.989	-106.830	5.00	0.96
20100221	33.990	-106.824	5.00	0.76
20100221	33.988	-106.830	5.00	1.28
20100222	33.990	-106.829	5.00	0.77
20100222	33.974	-107.031	10.10	0.4
20100222	34.366	-106.989	5.00	0.17
20100224	34.993	-106.767	5.00	1.38
20100224	34.044	-106.568	5.00	0.16
20100225	34.262	-106.886	3.77	0.15
20100226	34.272	-106.894	4.39	0
20100301	34.525	-106.903	5.00	0.91
20100303	34.159	-106.860	2.88	0.39
20100304	34.152	-106.852	3.52	0.39
20100304	33.588	-106.260	5.00	1.59
20100306	34.219	-106.732	5.00	0.25
20100309	34.113	-106.834	6.48	0.42
20100315	34.421	-107.010	5.00	0.74
20100324	34.436	-106.459	5.00	0.47
20100325	33.684	-105.926	5.00	0.98
20100327	34.241	-106.866	4.63	0.39
20100328	32.522	-104.740	5.00	3.7
20100329	35.633	-106.917	5.00	2.1
20100402	34.212	-106.609	5.00	0.67
20100402	34.232	-105.810	5.00	1.04
20100403	34.130	-106.883	4.09	0.6
20100404	34.019	-106.481	5.00	0.31
20100407	34.208	-106.630	6.43	0.18
20100408	37.031	-104.776	5.00	2.96
20100411	34.290	-106.735	5.00	0.32
20100412	34.037	-106.994	6.16	0.63
20100412	34.243	-106.888	5.00	0.15
20100412	34.329	-107.964	5.00	1.17
20100413	34.225	-106.631	2.88	0.06
20100414	34.218	-106.630	6.70	-0.03
20100414	34.217	-106.639	5.47	0.22
20100415	34.208	-105.844	5.00	1.13
20100419	36.549	-104.824	5.00	2.31
20100421	34.495	-106.094	5.00	1.07
20100423	34.449	-106.639	5.00	0.2
20100426	34.280	-106.815	5.00	0.51
20100427	34.236	-106.759	5.00	0.51
20100427	34.173	-106.980	5.90	0.25
20100427	34.365	-107.183	16.40	0.6
20100428	34.302	-106.673	5.00	0.05
20100501	34.201	-107.108	5.00	0.9
20100501	34.250	-106.975	5.00	0.06
20100502	34.052	-106.976	6.70	0
20100506	36.611	-108.643	5.00	2.22
20100506	34.390	-106.421	5.00	0.59
20100508	34.235	-106.916	3.02	0
20100509	34.022	-106.785	5.00	1.76
20100509	34.020	-106.793	5.00	0.51
20100510	34.388	-106.783	5.00	0.53
20100513	34.173	-106.630	4.71	0.3
20100513	34.216	-106.640	6.21	-0.11
20100517	34.185	-106.861	4.69	0.45
20100521	33.449	-106.207	5.00	1
20100521	34.196	-106.853	5.00	0.52
20100523	34.295	-106.706	4.82	0.08
20100524	34.212	-106.924	5.56	0.41
20100524	34.212	-106.924	5.67	0.28
20100524	33.320	-109.490	5.00	2.82
20100525	33.385	-109.622	5.00	2.47
20100525	33.343	-109.492	5.00	2.22
20100525	33.332	-109.519	5.00	2.4
20100525	33.053	-109.805	5.00	2.25
20100526	34.217	-106.657	4.86	-0.2
20100526	33.336	-109.527	5.00	2.13
20100526	33.215	-109.403	5.00	1.79
20100526	33.329	-109.573	5.00	2.02
20100527	33.440	-109.554	5.00	2.01
20100527	33.261	-109.409	5.00	1.74
20100527	37.181	-104.698	5.00	2.98
20100528	33.165	-109.331	5.00	1.63
20100528	32.915	-109.477	5.00	2.08
20100528	33.265	-109.502	5.00	2.02
20100529	34.022	-107.044	4.30	-0.1
20100529	33.317	-109.500	5.00	2.04
20100602	34.626	-105.630	5.00	1.6
20100603	34.556	-106.881	5.00	0.49
20100603	35.712	-106.956	5.00	1.86
20100604	34.505	-106.907	5.00	0.44
20100606	34.361	-106.730	6.56	0.66
20100606	34.355	-106.738	3.28	0.34
20100606	34.355	-106.782	5.00	0.23
20100606	34.298	-106.811	5.00	0.82
20100607	34.238	-106.926	5.00	0
20100607	34.430	-106.451	5.00	0.57
20100608	34.449	-107.066	5.00	0.58
20100608	33.583	-109.643	5.00	2.33
20100609	34.167	-106.570	2.42	0.18
20100609	34.424	-106.391	5.00	0.85
20100610	33.914	-106.968	5.00	0.39
20100610	34.447	-106.455	5.00	0.53
20100612	34.351	-106.708	4.62	0.6
20100613	34.076	-107.008	4.98	0.78
20100614	34.248	-106.908	5.00	-0.2
20100615	34.133	-106.896	5.00	0.22
20100615	33.933	-106.992	5.00	0.44
20100616	34.387	-106.348	5.00	0.67
20100617	34.182	-106.861	6.58	0.22
20100618	34.429	-106.462	5.00	0.57
20100618	32.952	-109.573	5.00	2.01
20100620	34.157	-106.932	3.92	0.33
20100620	34.519	-107.144	4.27	0.16
20100620	36.730	-104.951	5.00	2.16
20100623	34.157	-106.876	5.00	0.55
20100623	34.009	-106.776	2.14	0.32
20100623	34.172	-106.861	4.24	0.36
20100623	35.200	-106.388	5.00	1.81
20100625	34.002	-106.801	5.00	0.36
20100628	36.021	-106.707	5.00	2.3
20100630	34.287	-106.889	5.06	0.31
20100701	33.925	-106.870	5.00	1.25
20100701	33.919	-106.870	5.00	0.37
20100701	33.921	-106.870	5.00	0.56
20100701	33.918	-106.869	5.00	0.7
20100701	33.918	-106.866	5.00	0.53
20100704	34.336	-106.740	2.47	0.17
20100704	34.007	-107.061	9.27	0.6
20100706	34.163	-106.864	5.00	0.41
20100707	34.416	-106.476	5.00	0.47
20100709	33.952	-107.061	5.00	0.69
20100710	34.120	-106.717	5.00	0.14
20100715	36.738	-104.825	5.00	1.99
20100715	33.415	-109.028	5.00	1.72
20100716	33.974	-106.957	5.00	0.54
20100716	33.975	-106.960	5.00	0.14
20100719	32.630	-109.432	5.00	2.04
20100721	34.073	-106.927	7.99	0.39
20100721	34.329	-106.838	5.00	0.81
20100721	35.268	-108.032	5.00	1.19
20100722	32.807	-109.501	5.00	1.95
20100726	34.098	-106.551	5.00	0.71
20100727	32.842	-109.488	5.00	1.89
20100729	34.019	-106.604	7.24	1.76
20100729	34.029	-106.609	5.00	0.58
20100730	34.030	-106.651	6.96	0.49
20100730	34.018	-106.606	6.71	1.61
20100730	34.025	-106.630	5.00	1.27
20100802	34.008	-106.587	4.47	0.52
20100806	29.717	-103.204	5.00	2.37
20100807	34.446	-107.045	5.00	0.87
20100808	33.173	-100.761	5.00	3.29
20100810	33.523	-109.582	5.00	2.22
20100811	34.015	-106.615	5.00	0.76
20100812	34.032	-106.633	5.00	1.99
20100812	34.223	-105.807	5.00	1.32
20100813	34.282	-106.891	5.00	0.48
20100813	33.363	-106.629	5.00	1.18
20100813	33.347	-106.626	5.00	1.44
20100814	34.304	-106.660	9.15	0.18
20100815	34.234	-105.811	5.00	0.94
20100815	34.218	-105.814	5.00	0.9
20100816	34.035	-106.624	5.00	2.11
20100816	34.304	-106.912	5.98	0.24
20100816	34.302	-106.695	6.69	0.16
20100819	34.427	-107.018	5.00	0.62
20100820	34.032	-106.655	5.00	0.94
20100821	34.164	-106.583	3.05	0.39
20100822	34.061	-106.714	5.00	0.29
20100824	34.307	-106.829	5.00	-0.3
20100824	34.348	-106.810	5.00	0.39
20100824	34.317	-106.848	5.00	0.2
20100826	34.237	-106.870	5.00	0.22
20100827	36.642	-104.507	5.00	2.15
20100827	36.648	-104.832	5.00	2.11
20100828	36.023	-109.436	5.00	2.06
20100830	33.992	-107.058	5.00	0.35
20100830	34.238	-107.040	5.00	0.42
20100831	34.047	-106.966	2.55	1.49
20100902	34.298	-106.837	5.00	0.38
20100903	34.179	-106.867	5.00	0.72
20100906	34.129	-106.641	5.00	0.19
20100910	33.346	-109.384	5.00	2.13
20100911	34.443	-106.784	5.00	0.21
20100913	34.317	-106.676	4.17	0.08
20100913	36.343	-108.938	5.00	2.16
20100914	34.178	-106.869	5.00	0.57
20100920	34.033	-106.638	5.00	0.89
20100920	34.031	-106.644	5.00	0.84
20100920	34.020	-106.627	5.00	0.42
20100923	34.153	-106.932	5.00	0.81
20100926	34.335	-106.948	5.00	0.56
20100927	34.264	-106.923	5.00	0.63
20100928	34.261	-106.923	5.00	0.61
20100928	34.017	-106.877	5.00	0.41
20101001	34.363	-106.726	5.00	0.32
20101002	34.031	-106.648	5.00	0.13
20101002	34.076	-106.580	5.73	0.47
20101003	35.291	-107.351	5.00	0.99
20101003	35.296	-107.343	5.00	0.99
20101004	34.006	-106.978	6.79	0.15
20101006	32.464	-106.128	5.00	2.28
20101007	34.180	-106.879	9.03	0.33
20101007	34.246	-105.958	5.00	0.81
20101007	34.279	-106.431	5.00	0.49
20101007	32.054	-106.713	5.00	1.77
20101008	33.972	-106.994	5.33	0.27
20101008	34.333	-106.841	5.00	0.16
20101009	32.931	-100.922	5.00	2.79
20101010	33.993	-106.967	7.05	0.45
20101010	34.190	-105.851	5.00	0.77
20101010	33.959	-106.987	9.10	0.07
20101011	33.587	-106.277	5.00	0.93
20101011	33.598	-106.286	5.00	0.66
20101012	33.978	-106.737	5.00	0.32
20101012	33.952	-106.678	5.00	0.36
20101012	31.726	-107.159	5.00	2.6
20101013	34.041	-106.671	5.00	0.36
20101013	34.303	-107.035	5.00	0.7
20101014	33.994	-106.528	5.00	0.27
20101015	34.310	-107.881	5.00	2.21
20101015	31.750	-107.013	5.00	2.81
20101017	34.205	-106.910	7.92	0.98
20101017	33.561	-107.029	5.00	1.08
20101018	33.559	-107.057	5.00	1.26
20101019	34.311	-107.867	5.00	1.53
20101020	34.210	-106.921	5.00	0.74
20101020	35.019	-106.153	5.00	1.04
20101020	34.332	-106.689	9.93	0.4
20101020	34.318	-106.671	10.20	0.4
20101020	34.286	-106.867	5.00	0.69
20101021	34.331	-106.721	5.00	0.82
20101021	34.352	-106.698	8.88	0.32
20101021	36.628	-108.514	5.00	2.21
20101022	31.774	-107.031	5.00	2.42
20101023	34.304	-106.537	5.00	0.02
20101023	34.298	-106.685	8.28	0.41
20101026	33.043	-100.933	5.00	2.7
20101026	34.353	-106.939	5.00	0.12
20101027	34.023	-106.734	5.86	0.19
20101027	34.001	-107.037	7.30	0.88
20101101	34.127	-106.933	5.00	1.06
20101102	34.319	-107.919	5.00	1.53
20101102	34.213	-106.870	4.61	0.92
20101102	34.318	-107.886	5.00	1.24
20101103	34.640	-105.661	5.00	1.34
20101103	34.176	-106.864	7.39	0.78
20101103	34.178	-106.860	5.00	0.4
20101104	34.133	-106.868	10.80	0.5
20101104	36.628	-108.347	5.00	2.13
20101105	34.210	-106.863	5.32	0.68
20101110	33.969	-106.646	5.21	0.5
20101110	34.171	-106.678	5.98	-0.1
20101112	34.340	-106.807	5.00	0.4
20101113	34.086	-106.368	5.00	0.42
20101113	34.219	-106.869	9.82	0.77
20101113	34.227	-106.899	5.00	0.74
20101114	34.432	-107.074	5.00	0.82
20101114	34.080	-106.570	5.00	0.77
20101115	34.307	-106.709	7.88	1.17
20101115	34.208	-106.872	1.35	0.93
20101115	34.208	-106.871	1.64	0.79
20101115	35.623	-105.097	5.00	1.81
20101115	34.235	-106.921	5.00	0.08
20101116	34.234	-106.917	5.00	0.06
20101117	34.207	-106.869	5.00	1.22
20101117	34.213	-106.880	5.00	0.87
20101117	34.216	-106.887	5.00	0.25
20101118	34.299	-106.671	9.28	0.27
20101118	34.279	-106.624	5.00	0.4
20101118	34.289	-106.653	8.29	0.36
20101118	34.207	-106.863	5.00	1.02
20101119	34.213	-106.863	5.00	0.81
20101120	32.283	-107.215	5.00	1.73
20101123	34.191	-106.856	5.00	1.04
20101123	34.201	-106.867	5.00	0.89
20101124	34.208	-106.866	5.00	0.47
20101124	34.219	-106.883	7.47	0.28
20101128	34.042	-106.996	5.94	0.75
20101130	34.609	-107.064	5.00	1.66
20101201	33.962	-106.947	1.91	0.74
20101207	34.301	-106.657	8.27	0.38
20101212	34.151	-106.804	5.00	-0.3
20101213	34.123	-106.748	5.00	-0.6
20101214	36.253	-106.547	5.00	2.46
20101217	36.360	-106.737	5.00	2.28
20101218	36.360	-106.726	5.00	2.42
20101218	34.354	-106.714	7.21	0.14
20101220	34.143	-106.783	5.00	0.27
20101223	34.210	-106.870	5.40	0.97
20101224	34.022	-106.613	5.00	0.67
20101226	34.036	-106.668	5.00	0.64
20101229	34.299	-106.683	6.75	0.35